---
maxVel: 30.0
maxAccel: 40.0
maxAngVel: 0.038914878836002594
maxAngAccel: 3.141592653589793
robotLength: 18.0
robotWidth: 18.0
driveType: "MECANUM"
trackWidth: 19.7
lateralMultiplier: 1.0
